#time	rst	vdet	vlow	vhig	out  
10      0    01100001 01001100 10110010 1
10      0    01100111 01001100 10110010 1
10      0    10010000 01001100 10110010 1
10      0    10001111 01001100 10110010 1
10      0    00010000 01001100 10110010 0
10      0    10010010 01001100 10110010 1
10      0    01000010 01001100 10110010 0
10      0    10100111 01001100 10110010 1
10      0    10000101 01001100 10110010 1
10      0    01110000 01001100 10110010 1
10      0    01101000 01001100 10110010 1
10      0    01000010 01001100 10110010 0
10      0    01111101 01001100 10110010 1
10      0    01100110 01001100 10110010 1
10      0    10011011 01001100 10110010 1
10      0    00011100 01001100 10110010 0
10      0    10010101 01001100 10110010 1
10      0    00011000 01001100 10110010 0
10      0    01011111 01001100 10110010 1
10      0    00000111 01001100 10110010 0
10      0    00110001 01001100 10110010 0
10      0    10100000 01001100 10110010 1
10      0    10000110 01001100 10110010 1
10      0    01011101 01001100 10110010 1
10      0    00111001 01001100 10110010 0
10      0    10100110 01001100 10110010 1
10      0    01110110 01001100 10110010 1
10      0    10010010 01001100 10110010 1
10      0    10001101 01001100 10110010 1
10      0    01001001 01001100 10110010 0
10      0    00100001 01001100 10110010 0
10      0    00100011 01001100 10110010 0
10      0    00110100 01001100 10110010 0
10      0    10010011 01001100 10110010 1
10      0    00011111 01001100 10110010 0
10      0    01000000 01001100 10110010 0
10      0    10010111 01001100 10110010 1
10      0    00111000 01001100 10110010 0
10      0    00010010 01001100 10110010 0
10      0    01011111 01001100 10110010 1
10      0    01111000 01001100 10110010 1
10      0    00110110 01001100 10110010 0
10      0    01001100 01001100 10110010 0
10      0    00101111 01001100 10110010 0
10      0    01101000 01001100 10110010 1
10      0    00001000 01001100 10110010 0
10      0    10011000 01001100 10110010 1
10      0    00000000 01001100 10110010 0
10      0    01110111 01001100 10110010 1
10      0    01001111 01001100 10110010 1
10      0    01110111 00011001 11100101 1
10      0    10000011 00011001 11100101 1
10      0    11010001 00011001 11100101 1
10      0    10111011 00011001 11100101 1
10      0    10111001 00011001 11100101 1
10      0    01110110 00011001 11100101 1
10      0    11001010 00011001 11100101 1
10      0    10110110 00011001 11100101 1
10      0    01101001 00011001 11100101 1
10      0    10110110 00011001 11100101 1